0 0 0
0.999904952681 0.013717648552 0.001382650266 0.061652487204
0.013311980650 -0.986677818542 0.162140906521 -1.067908364431
0.003588422320 -0.162107089649 -0.986766646533 0.842878571927
0.000000000000 0.000000000000 0.000000000000 1.000000000000
1 1 0
0.999945402481 0.010261348488 0.001974027229 0.053606439465
0.009814898548 -0.987137511738 0.159571929507 -0.931936931844
0.003586059505 -0.159543842399 -0.987184330574 0.866681138175
0.000000000000 0.000000000000 0.000000000000 1.000000000000
2 2 0
0.999979732828 0.005748984825 0.002735526913 0.043336602936
0.005251365156 -0.987720584313 0.156142468561 -0.788042097710
0.003599596923 -0.156124938744 -0.987730756028 0.893349100404
0.000000000000 0.000000000000 0.000000000000 1.000000000000
3 3 0
0.999992958622 0.001480052190 0.003448499922 0.033252051043
0.000934752819 -0.988214842581 0.153070412361 -0.641934111685
0.003634411007 -0.153066111039 -0.988209267670 0.919795039788
0.000000000000 0.000000000000 0.000000000000 1.000000000000
4 4 0
0.999991259077 -0.001371351686 0.003949830954 0.025321769652
-0.001952025992 -0.988533482931 0.150989213918 -0.502571319891
0.003697480837 -0.150995604306 -0.988527519149 0.943881189989
0.000000000000 0.000000000000 0.000000000000 1.000000000000
5 5 0
0.999964107690 -0.006969421200 0.004817727758 0.017903686045
-0.007563624296 -0.990548682383 0.136952909486 -0.354171845788
0.003817711372 -0.136984433413 -0.990565843386 0.972013983401
0.000000000000 0.000000000000 0.000000000000 1.000000000000
6 6 0
0.999877810054 -0.014732720053 0.005226080861 0.014169935875
-0.015103818630 -0.996678980121 0.080018030767 -0.296228750020
0.004029841696 -0.080087187145 -0.996779716302 1.004478955000
0.000000000000 0.000000000000 0.000000000000 1.000000000000
7 7 0
0.999982590668 0.005411225225 0.002353083812 0.024865483858
0.004909056511 -0.984184902783 0.177076193484 -0.504428235069
0.003274068728 -0.177061559284 -0.984194332791 0.964148928666
0.000000000000 0.000000000000 0.000000000000 1.000000000000
8 8 0
0.999967295790 0.007682630947 0.002526762981 0.029030556877
0.007096409946 -0.983363110203 0.181512077994 -0.656817626854
0.003879215812 -0.181488210839 -0.983385469188 0.958460513022
0.000000000000 0.000000000000 0.000000000000 1.000000000000
9 9 0
0.999974543516 0.006622057803 0.002657192067 0.029965209617
0.006064991803 -0.985015464669 0.172359363649 -0.795993058373
0.003758748947 -0.172338860137 -0.985030552365 0.970164426990
0.000000000000 0.000000000000 0.000000000000 1.000000000000
10 10 0
0.999984836879 0.004656277173 0.002940254352 0.028450918175
0.004122268457 -0.986949929011 0.160974670455 -0.934695634144
0.003651426508 -0.160960109059 -0.986954158194 0.992448335092
0.000000000000 0.000000000000 0.000000000000 1.000000000000
11 11 0
0.999991110520 0.002611880147 0.003310130466 0.025508759289
0.002080036646 -0.988445845439 0.151560166540 -1.067412677717
0.003667741697 -0.151551934056 -0.988442491476 1.017195177539
0.000000000000 0.000000000000 0.000000000000 1.000000000000
12 12 0
0.999993144295 0.000888678910 0.003594664569 0.022000435841
0.000361704681 -0.989574383460 0.144022250956 -1.215100897319
0.003685177512 -0.144019963375 -0.989567920669 1.043643797644
0.000000000000 0.000000000000 0.000000000000 1.000000000000
13 13 0
0.999993016385 -0.000211434308 0.003731283452 0.019293844135
-0.000737262043 -0.989939007073 0.141492822150 -1.363299953584
0.003663826598 -0.141494584952 -0.989932249603 1.062060068003
0.000000000000 0.000000000000 0.000000000000 1.000000000000
14 14 0
0.999992771275 -0.000360526406 0.003785157687 0.017987052138
-0.000897739491 -0.989736425117 0.142902074376 -1.509422207440
0.003694788466 -0.142904439461 -0.989729594243 1.071354897644
0.000000000000 0.000000000000 0.000000000000 1.000000000000
15 15 0
0.999993296962 0.000127867913 0.003659191182 0.018820784603
-0.000409714759 -0.989205398731 0.146535017162 -1.656579032891
0.003638428799 -0.146535534157 -0.989198715661 1.073717083477
0.000000000000 0.000000000000 0.000000000000 1.000000000000
16 16 0
0.999993147394 0.000898095819 0.003591460646 0.020464230111
0.000344836048 -0.988506905318 0.151175326118 -1.815152205616
0.003685953577 -0.151173051708 -0.988500441165 1.071979218274
0.000000000000 0.000000000000 0.000000000000 1.000000000000
17 17 0
0.999992461211 0.001722650617 0.003479941999 0.022640165120
0.001163217926 -0.987945973809 0.154794701969 -1.966514575607
0.003704651876 -0.154789487074 -0.987940529711 1.069557297207
0.000000000000 0.000000000000 0.000000000000 1.000000000000
18 18 0
0.994174609871 0.106955645084 -0.013316721574 0.245574719168
0.107715498132 -0.981631154706 0.157472688336 -2.090354051774
0.003770484188 -0.157989765790 -0.987433550855 1.067340543218
0.000000000000 0.000000000000 0.000000000000 1.000000000000
19 19 0
0.983836758466 0.177365444964 -0.024631922842 0.387995523752
0.179042467964 -0.972039101397 0.151933472349 -2.115352281091
0.003004555783 -0.153887895195 -0.988083745619 1.081499343772
0.000000000000 0.000000000000 0.000000000000 1.000000000000
20 20 0
0.992341518448 0.122594676897 -0.015127986015 0.207435969272
0.123477749902 -0.981128043919 0.148798544063 -2.142342139656
0.003399418105 -0.149526942832 -0.988751807747 1.097028601306
0.000000000000 0.000000000000 0.000000000000 1.000000000000
21 21 0
0.997284877414 0.073296789142 -0.007103096676 -0.000169247045
0.073537371098 -0.986154506065 0.148632248248 -2.162052052086
0.003889515766 -0.148751036530 -0.988867028876 1.103529108303
0.000000000000 0.000000000000 0.000000000000 1.000000000000
22 22 0
0.998981392978 0.045016654792 -0.003110832041 -0.174862272318
0.044974207376 -0.987683238984 0.149863738445 -2.173642407873
0.003673847513 -0.149850993394 -0.988701766269 1.104386511248
0.000000000000 0.000000000000 0.000000000000 1.000000000000
23 23 0
0.999617911162 0.027635981938 -0.000533091962 -0.345413168629
0.027395960144 -0.988004540956 0.151975288843 -2.182755930659
0.003673289058 -0.151931825348 -0.988384149708 1.102248172146
0.000000000000 0.000000000000 0.000000000000 1.000000000000
24 24 0
0.999839724369 0.017880600940 0.000899824184 -0.502963986467
0.017528626045 -0.987909830326 0.154035432335 -2.189231592234
0.003643191253 -0.153994971527 -0.988064914822 1.099811468728
0.000000000000 0.000000000000 0.000000000000 1.000000000000
25 25 0
0.999921626322 0.012396640548 0.001750575877 -0.651505958765
0.011974026448 -0.987778443334 0.155403891763 -2.193239168239
0.003655667301 -0.155370750746 -0.987849465207 1.098733239836
0.000000000000 0.000000000000 0.000000000000 1.000000000000
26 26 0
0.999955495764 0.009151213189 0.002293858716 -0.796347655613
0.008681217205 -0.987712422995 0.156041039244 -2.195713917294
0.003693637566 -0.156014181271 -0.987747909278 1.099915039873
0.000000000000 0.000000000000 0.000000000000 1.000000000000
27 27 0
0.999970635393 0.007222981510 0.002560642648 -0.939325080097
0.006735511141 -0.987750664870 0.155895018964 -2.196945124294
0.003655303318 -0.155873193931 -0.987770310432 1.103457285006
0.000000000000 0.000000000000 0.000000000000 1.000000000000
28 28 0
0.999977462236 0.006113191640 0.002775591574 -1.083592023319
0.005608612726 -0.987877110787 0.155136576751 -2.197113816139
0.003690323008 -0.155117513101 -0.987889132770 1.109383518907
0.000000000000 0.000000000000 0.000000000000 1.000000000000
29 29 0
0.999981196583 0.005433859112 0.002842473556 -1.234800048418
0.004930965544 -0.988043451078 0.154096801915 -2.196906627955
0.003645827693 -0.154079888229 -0.988051666657 1.116558925977
0.000000000000 0.000000000000 0.000000000000 1.000000000000
30 30 0
0.999983127176 0.005035175166 0.002896959465 -1.380329294508
0.004532045012 -0.988188988911 0.153173048425 -2.196665600797
0.003633996574 -0.153157334812 -0.988195135012 1.123579960202
0.000000000000 0.000000000000 0.000000000000 1.000000000000
31 31 0
0.999983953288 0.004832537261 0.002956306774 -1.501422005800
0.004324748634 -0.988275178478 0.152621977951 -2.196608432907
0.003659196000 -0.152606743586 -0.988280219420 1.128903875408
0.000000000000 0.000000000000 0.000000000000 1.000000000000
32 32 0
0.999984124551 0.004773800811 0.002993571790 -1.639023342772
0.004262389263 -0.988332363341 0.152252985553 -2.196706643843
0.003685469308 -0.152237808700 -0.988337020919 1.134118846505
0.000000000000 0.000000000000 0.000000000000 1.000000000000
33 33 0
0.999984626018 0.004670726381 0.002988652452 -1.789734225236
0.004161314025 -0.988334840127 0.152239703288 -2.197141244270
0.003664859342 -0.152224926036 -0.988339081844 1.139012048309
0.000000000000 0.000000000000 0.000000000000 1.000000000000
34 34 0
0.999984615360 0.004639797566 0.003039954364 -1.936312335286
0.004121984036 -0.988295922554 0.152493208734 -2.197776976302
0.003711912122 -0.152478332037 -0.988299843149 1.142640326647
0.000000000000 0.000000000000 0.000000000000 1.000000000000
35 35 0
0.999984834744 0.004604028955 0.003022118286 -2.083752935103
0.004087766830 -0.988230410781 0.152918100206 -2.198933206490
0.003690588556 -0.152903427449 -0.988234244211 1.146083436214
0.000000000000 0.000000000000 0.000000000000 1.000000000000
36 36 0
0.999984720828 0.004575020639 0.003102788579 -2.237230285584
0.004045571625 -0.988182100885 0.153231096191 -2.199475453842
0.003767155564 -0.153216202393 -0.988185510855 1.149335218912
0.000000000000 0.000000000000 0.000000000000 1.000000000000
37 37 0
0.999984726521 0.004587852243 0.003081937158 -2.384440230542
0.004060507501 -0.988143625701 0.153478621523 -2.200319165338
0.003749533796 -0.153463763141 -0.988147162319 1.153006206683
0.000000000000 0.000000000000 0.000000000000 1.000000000000
38 38 0
0.999984607149 0.004593034576 0.003112795769 -2.519891685443
0.004060665350 -0.988134393020 0.153538048468 -2.200770753047
0.003781066123 -0.153523045058 -0.988137833592 1.156653965912
0.000000000000 0.000000000000 0.000000000000 1.000000000000
39 39 0
0.999991762609 0.002062939067 0.003495568185 -2.670515502020
0.001507243328 -0.988362838657 0.152107289040 -2.189220171739
0.003768677763 -0.152100767401 -0.988357806477 1.163856663271
0.000000000000 0.000000000000 0.000000000000 1.000000000000
40 40 0
0.990444843228 -0.135917527753 0.023354617791 -3.081512850350
-0.137838111101 -0.981080204225 0.135949578912 -1.678922044023
0.004434822527 -0.137869715774 -0.990440444359 1.196062455639
0.000000000000 0.000000000000 0.000000000000 1.000000000000
41 41 0
0.981270968705 -0.190339935481 0.029630979371 -3.252592051911
-0.192599888810 -0.972259294612 0.132729600580 -1.343887809078
0.003545251491 -0.135950627070 -0.990709270266 1.200373325369
0.000000000000 0.000000000000 0.000000000000 1.000000000000
42 42 0
0.989089272251 -0.145395711067 0.023717055474 -3.220025105710
-0.147291126205 -0.979052660185 0.140574580650 -1.361108405585
0.002781305142 -0.142534121484 -0.989785981187 1.183181597394
0.000000000000 0.000000000000 0.000000000000 1.000000000000
43 43 0
0.995454916900 -0.093567697716 0.017736808173 -3.141951369919
-0.095160349548 -0.984603459367 0.146630609613 -1.405957693711
0.003743834130 -0.147652002173 -0.989032289645 1.162485872831
0.000000000000 0.000000000000 0.000000000000 1.000000000000
44 44 0
0.998664785700 -0.050346312153 0.011571285858 -3.050940958191
-0.051515136870 -0.987281489183 0.150404294455 -1.406479851794
0.003851814776 -0.150799568865 -0.988556853981 1.146628290304
0.000000000000 0.000000000000 0.000000000000 1.000000000000
45 45 0
0.999804025928 -0.018671612036 0.006578802513 -2.965983552648
-0.019457001797 -0.988100278843 0.152575437181 -1.362840867579
0.003651687229 -0.152673540124 -0.988269930397 1.133679239974
0.000000000000 0.000000000000 0.000000000000 1.000000000000
46 46 0
0.999977416761 0.006094062022 0.002833438905 -2.890877109033
0.005585413413 -0.988070219712 0.153902709774 -1.292019889887
0.003737529261 -0.153883408224 -0.988081943742 1.121443205092
0.000000000000 0.000000000000 0.000000000000 1.000000000000
47 47 0
0.999614666623 0.027753643855 -0.000503513114 -2.825451288577
0.027496753062 -0.987552474749 0.154867808755 -1.204100729810
0.003800900387 -0.154821977995 -0.987935072910 1.109846645751
0.000000000000 0.000000000000 0.000000000000 1.000000000000
48 48 0
0.998961220016 0.045449144346 -0.003294872191 -2.777355093965
0.045407895847 -0.986772792399 0.155619983213 -1.098387223928
0.003821504848 -0.155607941502 -0.987811502586 1.099245772218
0.000000000000 0.000000000000 0.000000000000 1.000000000000
49 49 0
0.998834308669 0.048123237898 -0.003765341806 -2.762444364198
0.048122183351 -0.986628245840 0.155720775684 -0.957321138912
0.003778795353 -0.155720449794 -0.987793937125 1.090865935188
0.000000000000 0.000000000000 0.000000000000 1.000000000000
50 50 0
0.999318780080 0.036856180936 -0.001896761797 -2.773237104634
0.036704026797 -0.987208560539 0.155151772198 -0.780892182930
0.003845802305 -0.155115698516 -0.987888824655 1.083626663701
0.000000000000 0.000000000000 0.000000000000 1.000000000000
51 51 0
0.992857604311 -0.117258252484 0.022006357867 -2.843901571139
-0.119244387187 -0.981220434988 0.151615415070 -0.206094247891
0.003814929418 -0.153156652441 -0.988194558843 1.077535028767
0.000000000000 0.000000000000 0.000000000000 1.000000000000
52 52 0
0.931390652814 -0.358921722453 0.060717781602 -2.746535050746
-0.364014542031 -0.919336786960 0.149376321187 0.541970240521
0.002205683755 -0.161229864768 -0.986914416586 1.070785050344
0.000000000000 0.000000000000 0.000000000000 1.000000000000
53 53 0
0.943167643404 -0.327163256880 0.058300941529 -2.623547608042
-0.332306986272 -0.929893831347 0.157700758710 0.465065922101
0.002619792057 -0.168112063132 -0.985764409440 1.062488415315
0.000000000000 0.000000000000 0.000000000000 1.000000000000
54 54 0
0.999982087515 0.000431836105 0.005969771013 -2.400144771323
-0.000498291762 -0.987925115735 0.154931331255 -0.385955350886
0.005964591662 -0.154931530738 -0.987907204362 1.059461713332
0.000000000000 0.000000000000 0.000000000000 1.000000000000
55 55 0
0.930275084108 0.363890252063 -0.046606355151 -1.868973776298
0.366856890579 -0.923440096512 0.112580682128 -1.175427735793
-0.002071164302 -0.121828866067 -0.992548959836 1.091433737510
0.000000000000 0.000000000000 0.000000000000 1.000000000000
56 56 0
0.900219029595 0.433288732316 -0.043203856338 -1.640271463685
0.435437341419 -0.895809505433 0.088992424815 -1.282266825039
-0.000143010245 -0.098925246651 -0.995094857349 1.090219487867
0.000000000000 0.000000000000 0.000000000000 1.000000000000
57 57 0
0.994989769963 0.099948250422 0.002388494733 -1.954160284112
0.098433054847 -0.983528725953 0.151598743194 -0.675910386750
0.017501182330 -0.150604091784 -0.988439232404 1.011875122977
0.000000000000 0.000000000000 0.000000000000 1.000000000000
58 58 0
0.933520331431 -0.349810310461 0.078565498156 -2.029690419348
-0.358402790850 -0.904812870435 0.229915438815 0.197330506361
-0.009339717128 -0.242788830447 -0.970034202229 1.000686027867
0.000000000000 0.000000000000 0.000000000000 1.000000000000
59 59 0
0.910389389159 -0.398142247601 0.112578464999 -1.907765020213
-0.413734772246 -0.878525304591 0.238781966296 0.306442873759
0.003833841506 -0.263962194015 -0.964525407540 0.974113837230
0.000000000000 0.000000000000 0.000000000000 1.000000000000
60 60 0
0.998905876259 -0.039229848879 0.025457205917 -1.663874006353
-0.044307867774 -0.968053327839 0.246798637180 -0.381724882899
0.014962059665 -0.247656563446 -0.968732348666 1.003488571967
0.000000000000 0.000000000000 0.000000000000 1.000000000000
61 61 0
0.967169103450 0.242828078190 -0.074956319104 -1.205892625399
0.253703532834 -0.939732134116 0.229211765705 -0.851830072259
-0.014779809153 -0.240703220902 -0.970486226944 1.115178042958
0.000000000000 0.000000000000 0.000000000000 1.000000000000
62 62 0
0.890495383548 0.442231965602 -0.106999348031 -0.810546881128
0.454087165390 -0.848973530514 0.270275397911 -1.162440821797
0.028684806211 -0.289266024772 -0.956818869382 1.126023473719
0.000000000000 0.000000000000 0.000000000000 1.000000000000
63 63 0
0.846831189426 0.503882245098 -0.170234014494 -0.581966677898
0.531840289237 -0.799373493225 0.279549503796 -1.262919035588
0.004779472757 -0.327268546310 -0.944919285038 1.258157410704
0.000000000000 0.000000000000 0.000000000000 1.000000000000
64 64 0
0.914290262507 0.385477885981 -0.124419111496 -0.846972210622
0.395393317109 -0.916030378568 0.067471996602 -0.835133273238
-0.087962723191 -0.110883474691 -0.989933035295 1.685918946580
0.000000000000 0.000000000000 0.000000000000 1.000000000000
65 65 0
0.998994217354 0.042619949667 -0.013931747319 -1.432453102924
0.036062592123 -0.948332877680 -0.315220942452 0.238445502922
-0.026646634727 0.314401483778 -0.948916046790 1.781007335658
0.000000000000 0.000000000000 0.000000000000 1.000000000000
66 66 0
0.978589267546 -0.202310299836 0.037862752470 -1.790980490606
-0.205379810401 -0.971881801159 0.115173339167 -0.166238290473
0.013497367288 -0.120483638540 -0.992623550960 1.683367600962
0.000000000000 0.000000000000 0.000000000000 1.000000000000
67 67 0
0.960084038617 -0.272534509913 0.062956967038 -1.231747020037
-0.279685587121 -0.932285789484 0.229388707402 -1.980409662987
-0.003822453233 -0.237840592905 -0.971296680329 0.676149599983
0.000000000000 0.000000000000 0.000000000000 1.000000000000
68 68 0
0.976508730231 -0.208952313818 0.052627277449 -1.181384395327
-0.215454949280 -0.950395525556 0.224337936681 -2.158367217297
0.003140798063 -0.230406761085 -0.973089338054 0.667758453289
0.000000000000 0.000000000000 0.000000000000 1.000000000000
69 69 0
0.980491317807 -0.191219154692 0.045519342965 -2.168249371884
-0.196442705757 -0.961337624808 0.192977290072 -0.751357921232
0.006858502767 -0.198154500346 -0.980146802746 1.567408074971
0.000000000000 0.000000000000 0.000000000000 1.000000000000
70 70 0
0.987184109342 -0.156256287601 0.032426946315 -2.123096802599
-0.159532600637 -0.971501155470 0.175313588331 -0.898689608204
0.004108965334 -0.178239943628 -0.983978474815 1.602609638135
0.000000000000 0.000000000000 0.000000000000 1.000000000000
71 71 0
0.993716457846 -0.109705563399 0.022187626422 -2.021817578041
-0.111863616928 -0.980104608370 0.163955749698 -1.046124360994
0.003759337012 -0.165407514976 -0.986218140867 1.633296007231
0.000000000000 0.000000000000 0.000000000000 1.000000000000
72 72 0
0.993435620239 -0.112258627199 0.021992477362 -1.932464171793
-0.114337765855 -0.980388225275 0.160517298260 -1.087379113059
0.003541714306 -0.161978172483 -0.986787985283 1.657229007023
0.000000000000 0.000000000000 0.000000000000 1.000000000000
73 73 0
0.997385710904 -0.070627306210 0.015281600127 -1.764727914619
-0.072098914275 -0.986816852304 0.144893914882 -1.169657563270
0.004846673641 -0.145616907078 -0.989329179863 1.697632460477
0.000000000000 0.000000000000 0.000000000000 1.000000000000
74 74 0
0.999600748723 -0.027993991360 0.003831396550 -0.484326839399
-0.028252904111 -0.991934180566 0.123565184556 -2.506766903442
0.000341410488 -0.123624099078 -0.992329061131 0.986948485505
0.000000000000 0.000000000000 0.000000000000 1.000000000000
75 75 0
0.999524751645 0.030642587543 -0.003361945448 -1.332603730631
0.030609635642 -0.973661607090 0.225933895387 -1.493560713304
0.003649801961 -0.225929428601 -0.974136834453 1.614139877831
0.000000000000 0.000000000000 0.000000000000 1.000000000000
76 76 0
0.989155013359 0.139614108323 -0.045609870682 -0.988265026465
0.146557801205 -0.917812585098 0.368972721947 -1.851240551136
0.009652484253 -0.371655700067 -0.928320456607 1.396103539748
0.000000000000 0.000000000000 0.000000000000 1.000000000000
77 77 0
0.985786393946 0.161355249654 -0.046793898311 -0.854853654086
0.166059268731 -0.978071454729 0.125700233547 -1.468515257417
-0.025485383627 -0.131684140481 -0.990964067142 1.900196918628
0.000000000000 0.000000000000 0.000000000000 1.000000000000
78 78 0
0.994294731656 0.105510367400 -0.015670002309 -0.928812277574
0.105560203158 -0.994410052215 0.002385699520 -1.174721588390
-0.015330691782 -0.004026217091 -0.999874371842 2.128308994992
0.000000000000 0.000000000000 0.000000000000 1.000000000000
79 79 0
0.996878251101 0.078629268137 -0.007154765827 -0.955482889439
0.078683301077 -0.996870596927 0.007612562921 -1.152995685333
-0.006533805430 -0.008151759005 -0.999945427617 2.160519642521
0.000000000000 0.000000000000 0.000000000000 1.000000000000
80 80 0
0.998352588823 0.057180618126 -0.004741866860 -0.981741056092
0.057329686512 -0.997470589064 0.042020602050 -1.196274620923
-0.002327108731 -0.042223226581 -0.999105491779 2.128876442147
0.000000000000 0.000000000000 0.000000000000 1.000000000000
81 81 0
0.999516601510 0.030993148253 -0.002447052870 -1.026407607390
0.031087715963 -0.995488458096 0.089645321762 -1.261615489244
0.000342377859 -0.089678060634 -0.995970746668 2.052935125695
0.000000000000 0.000000000000 0.000000000000 1.000000000000
