{
    "version": [
        "1",
        "0",
        "0"
    ],
    "featuresFolders": [
        "..\\..\\FeatureExtraction\\ee6b85cd0b837f27cc9c93bc6e33429d407c9ead"
    ],
    "matchesFolders": [
        "..\\..\\FeatureMatching\\f57370deb98390c83f6e0c2b4c41ab0d3f54dd82"
    ],
    "views": [
        {
            "viewId": "47366585",
            "poseId": "47366585",
            "intrinsicId": "533755947",
            "resectionId": "17",
            "path": "D:\/Pictures\/Temp\/airsim\/out_1591187559409375488.png",
            "width": "1280",
            "height": "720",
            "metadata": ""
        },
        {
            "viewId": "200792655",
            "poseId": "200792655",
            "intrinsicId": "533755947",
            "resectionId": "19",
            "path": "D:\/Pictures\/Temp\/airsim\/out_1591187565076496384.png",
            "width": "1280",
            "height": "720",
            "metadata": ""
        },
        {
            "viewId": "288241996",
            "poseId": "288241996",
            "intrinsicId": "533755947",
            "resectionId": "21",
            "path": "D:\/Pictures\/Temp\/airsim\/out_1591187563849470208.png",
            "width": "1280",
            "height": "720",
            "metadata": ""
        },
        {
            "viewId": "307584952",
            "poseId": "307584952",
            "intrinsicId": "533755947",
            "resectionId": "23",
            "path": "D:\/Pictures\/Temp\/airsim\/out_1591187561470419456.png",
            "width": "1280",
            "height": "720",
            "metadata": ""
        },
        {
            "viewId": "351985123",
            "poseId": "351985123",
            "intrinsicId": "533755947",
            "resectionId": "8",
            "path": "D:\/Pictures\/Temp\/airsim\/out_1591187578126774784.png",
            "width": "1280",
            "height": "720",
            "metadata": ""
        },
        {
            "viewId": "354876261",
            "poseId": "354876261",
            "intrinsicId": "533755947",
            "resectionId": "15",
            "path": "D:\/Pictures\/Temp\/airsim\/out_1591187571388631040.png",
            "width": "1280",
            "height": "720",
            "metadata": ""
        },
        {
            "viewId": "414067094",
            "poseId": "414067094",
            "intrinsicId": "533755947",
            "resectionId": "18",
            "path": "D:\/Pictures\/Temp\/airsim\/out_1591187569663594240.png",
            "width": "1280",
            "height": "720",
            "metadata": ""
        },
        {
            "viewId": "451514781",
            "poseId": "451514781",
            "intrinsicId": "533755947",
            "resectionId": "16",
            "path": "D:\/Pictures\/Temp\/airsim\/out_1591187568496569344.png",
            "width": "1280",
            "height": "720",
            "metadata": ""
        },
        {
            "viewId": "601718447",
            "poseId": "601718447",
            "intrinsicId": "533755947",
            "resectionId": "26",
            "path": "D:\/Pictures\/Temp\/airsim\/out_1591187532000790784.png",
            "width": "1280",
            "height": "720",
            "metadata": ""
        },
        {
            "viewId": "673742783",
            "poseId": "673742783",
            "intrinsicId": "533755947",
            "resectionId": "9",
            "path": "D:\/Pictures\/Temp\/airsim\/out_1591187575522719232.png",
            "width": "1280",
            "height": "720",
            "metadata": ""
        },
        {
            "viewId": "767806090",
            "poseId": "767806090",
            "intrinsicId": "533755947",
            "resectionId": "5",
            "path": "D:\/Pictures\/Temp\/airsim\/out_1591187558236350464.png",
            "width": "1280",
            "height": "720",
            "metadata": ""
        },
        {
            "viewId": "770735909",
            "poseId": "770735909",
            "intrinsicId": "533755947",
            "resectionId": "13",
            "path": "D:\/Pictures\/Temp\/airsim\/out_1591187572732659712.png",
            "width": "1280",
            "height": "720",
            "metadata": ""
        },
        {
            "viewId": "849985544",
            "poseId": "849985544",
            "intrinsicId": "533755947",
            "resectionId": "12",
            "path": "D:\/Pictures\/Temp\/airsim\/out_1591187573980686336.png",
            "width": "1280",
            "height": "720",
            "metadata": ""
        },
        {
            "viewId": "856002750",
            "poseId": "856002750",
            "intrinsicId": "533755947",
            "resectionId": "10",
            "path": "D:\/Pictures\/Temp\/airsim\/out_1591187544277052672.png",
            "width": "1280",
            "height": "720",
            "metadata": ""
        },
        {
            "viewId": "994467716",
            "poseId": "994467716",
            "intrinsicId": "533755947",
            "resectionId": "7",
            "path": "D:\/Pictures\/Temp\/airsim\/out_1591187589410015488.png",
            "width": "1280",
            "height": "720",
            "metadata": ""
        },
        {
            "viewId": "1025963912",
            "poseId": "1025963912",
            "intrinsicId": "533755947",
            "resectionId": "3",
            "path": "D:\/Pictures\/Temp\/airsim\/out_1591187556400311296.png",
            "width": "1280",
            "height": "720",
            "metadata": ""
        },
        {
            "viewId": "1175452875",
            "poseId": "1175452875",
            "intrinsicId": "533755947",
            "resectionId": "22",
            "path": "D:\/Pictures\/Temp\/airsim\/out_1591187562775447296.png",
            "width": "1280",
            "height": "720",
            "metadata": ""
        },
        {
            "viewId": "1229645768",
            "poseId": "1229645768",
            "intrinsicId": "533755947",
            "resectionId": "24",
            "path": "D:\/Pictures\/Temp\/airsim\/out_1591187535036855552.png",
            "width": "1280",
            "height": "720",
            "metadata": ""
        },
        {
            "viewId": "1444113994",
            "poseId": "1444113994",
            "intrinsicId": "533755947",
            "resectionId": "2",
            "path": "D:\/Pictures\/Temp\/airsim\/out_1591187555509292288.png",
            "width": "1280",
            "height": "720",
            "metadata": ""
        },
        {
            "viewId": "1451414015",
            "poseId": "1451414015",
            "intrinsicId": "533755947",
            "resectionId": "11",
            "path": "D:\/Pictures\/Temp\/airsim\/out_1591187542345011456.png",
            "width": "1280",
            "height": "720",
            "metadata": ""
        },
        {
            "viewId": "1501974070",
            "poseId": "1501974070",
            "intrinsicId": "533755947",
            "path": "D:\/Pictures\/Temp\/airsim\/out_1591187540574973696.png",
            "width": "1280",
            "height": "720",
            "metadata": ""
        },
        {
            "viewId": "1724731674",
            "poseId": "1724731674",
            "intrinsicId": "533755947",
            "resectionId": "4",
            "path": "D:\/Pictures\/Temp\/airsim\/out_1591187557270329856.png",
            "width": "1280",
            "height": "720",
            "metadata": ""
        },
        {
            "viewId": "1744985996",
            "poseId": "1744985996",
            "intrinsicId": "533755947",
            "path": "D:\/Pictures\/Temp\/airsim\/out_1591187545855086336.png",
            "width": "1280",
            "height": "720",
            "metadata": ""
        },
        {
            "viewId": "1821945435",
            "poseId": "1821945435",
            "intrinsicId": "533755947",
            "resectionId": "6",
            "path": "D:\/Pictures\/Temp\/airsim\/out_1591187581180839936.png",
            "width": "1280",
            "height": "720",
            "metadata": ""
        },
        {
            "viewId": "1988124980",
            "poseId": "1988124980",
            "intrinsicId": "533755947",
            "resectionId": "0",
            "path": "D:\/Pictures\/Temp\/airsim\/out_1591187550430183936.png",
            "width": "1280",
            "height": "720",
            "metadata": ""
        },
        {
            "viewId": "2013802531",
            "poseId": "2013802531",
            "intrinsicId": "533755947",
            "resectionId": "25",
            "path": "D:\/Pictures\/Temp\/airsim\/out_1591187533524823296.png",
            "width": "1280",
            "height": "720",
            "metadata": ""
        },
        {
            "viewId": "2039482247",
            "poseId": "2039482247",
            "intrinsicId": "533755947",
            "resectionId": "1",
            "path": "D:\/Pictures\/Temp\/airsim\/out_1591187554246265344.png",
            "width": "1280",
            "height": "720",
            "metadata": ""
        },
        {
            "viewId": "2127817599",
            "poseId": "2127817599",
            "intrinsicId": "533755947",
            "resectionId": "20",
            "path": "D:\/Pictures\/Temp\/airsim\/out_1591187560405396736.png",
            "width": "1280",
            "height": "720",
            "metadata": ""
        },
        {
            "viewId": "2133582236",
            "poseId": "2133582236",
            "intrinsicId": "533755947",
            "resectionId": "14",
            "path": "D:\/Pictures\/Temp\/airsim\/out_1591187549251158784.png",
            "width": "1280",
            "height": "720",
            "metadata": ""
        }
    ],
    "intrinsics": [
        {
            "intrinsicId": "533755947",
            "width": "1280",
            "height": "720",
            "serialNumber": "D:\/Pictures\/Temp\/airsim",
            "type": "radial3",
            "initializationMode": "unknown",
            "pxInitialFocalLength": "-1",
            "pxFocalLength": "641.22725067172416",
            "principalPoint": [
                "639.26719615839852",
                "359.66649363034759"
            ],
            "distortionParams": [
                "-0.00065556730533500708",
                "0.0008013527344174037",
                "-0.00029574902826893704"
            ],
            "locked": "0"
        }
    ],
    "poses": [
        {
            "poseId": "47366585",
            "pose": {
                "transform": {
                    "rotation": [
                        "0.99370303176285424",
                        "0.10952897199156353",
                        "-0.023615439013138506",
                        "-0.11129075982142328",
                        "0.98926298976092886",
                        "-0.094726468675015121",
                        "0.012986587068288839",
                        "0.09675815926184024",
                        "0.9952231946516209"
                    ],
                    "center": [
                        "1.1895839596138342",
                        "0.12206635900594154",
                        "1.2263661776333197"
                    ]
                },
                "locked": "0"
            }
        },
        {
            "poseId": "200792655",
            "pose": {
                "transform": {
                    "rotation": [
                        "0.99763571960009279",
                        "0.064672987294791456",
                        "-0.023245982284532819",
                        "-0.066539647719652206",
                        "0.99359244380102074",
                        "-0.091359350385497126",
                        "0.017188550239902498",
                        "0.092690130736142531",
                        "0.99554663045221903"
                    ],
                    "center": [
                        "1.6794359392864939",
                        "0.75920164721217231",
                        "1.2735090546619425"
                    ]
                },
                "locked": "0"
            }
        },
        {
            "poseId": "288241996",
            "pose": {
                "transform": {
                    "rotation": [
                        "0.99291538129102175",
                        "0.11649279482770908",
                        "-0.023419529221019194",
                        "-0.11819283724149129",
                        "0.9885525455405122",
                        "-0.093778024772224342",
                        "0.012226971027660332",
                        "0.095881663828924282",
                        "0.99531764162044567"
                    ],
                    "center": [
                        "1.7052020051180388",
                        "0.51640555538672661",
                        "1.2669684811253508"
                    ]
                },
                "locked": "0"
            }
        },
        {
            "poseId": "307584952",
            "pose": {
                "transform": {
                    "rotation": [
                        "0.97956796665848089",
                        "0.19952346991994593",
                        "-0.025238534974788326",
                        "-0.20108331679595318",
                        "0.97384894164140767",
                        "-0.10575319650132814",
                        "0.0034782758527063789",
                        "0.10866749198824188",
                        "0.99407206870632769"
                    ],
                    "center": [
                        "1.5868017237910599",
                        "0.1006166603834015",
                        "1.2451615516282963"
                    ]
                },
                "locked": "0"
            }
        },
        {
            "poseId": "351985123",
            "pose": {
                "transform": {
                    "rotation": [
                        "0.9939335497247539",
                        "0.10756571309041302",
                        "-0.02292849970890189",
                        "-0.10946080391398466",
                        "0.98776256616859881",
                        "-0.1111010588722204",
                        "0.010697249088170536",
                        "0.11293684183372284",
                        "0.9935445831056452"
                    ],
                    "center": [
                        "0.74619928556423454",
                        "0.57332750421205259",
                        "1.6746264886912066"
                    ]
                },
                "locked": "0"
            }
        },
        {
            "poseId": "354876261",
            "pose": {
                "transform": {
                    "rotation": [
                        "0.99569459433599039",
                        "-0.090734581466759584",
                        "0.018960763068495087",
                        "0.090004689581278968",
                        "0.89743997848559953",
                        "-0.43185719962638602",
                        "0.022168235461246199",
                        "0.43170443678727533",
                        "0.90174267315832191"
                    ],
                    "center": [
                        "0.95719331821812781",
                        "1.001380459036346",
                        "1.5709369800517325"
                    ]
                },
                "locked": "0"
            }
        },
        {
            "poseId": "414067094",
            "pose": {
                "transform": {
                    "rotation": [
                        "0.997831412103247",
                        "-0.065558420269612241",
                        "-0.005879332597584149",
                        "0.065747561784488304",
                        "0.99695934273228592",
                        "0.041824957360448417",
                        "0.0031194774297971439",
                        "-0.042120808047345554",
                        "0.99910765505525168"
                    ],
                    "center": [
                        "1.0466984716658991",
                        "1.0992698178223146",
                        "1.2837025218433766"
                    ]
                },
                "locked": "0"
            }
        },
        {
            "poseId": "451514781",
            "pose": {
                "transform": {
                    "rotation": [
                        "0.97018888794080249",
                        "0.24112441389143779",
                        "-0.024342118677295271",
                        "-0.24208211607274938",
                        "0.96893687393102113",
                        "-0.050572555942134528",
                        "0.011391698465497251",
                        "0.054957723408917164",
                        "0.99842369655561569"
                    ],
                    "center": [
                        "1.2792370956052186",
                        "1.0201815140618078",
                        "1.2532696972237583"
                    ]
                },
                "locked": "0"
            }
        },
        {
            "poseId": "601718447",
            "pose": {
                "transform": {
                    "rotation": [
                        "0.99318832139665991",
                        "0.11408561285646737",
                        "-0.023694539042768834",
                        "-0.11583940967265394",
                        "0.98870479846449444",
                        "-0.095100224289822233",
                        "0.012577337078097949",
                        "0.097197193542034405",
                        "0.99518566918921025"
                    ],
                    "center": [
                        "1.1999676147928895",
                        "-0.37109983003609698",
                        "1.735515935827199"
                    ]
                },
                "locked": "0"
            }
        },
        {
            "poseId": "673742783",
            "pose": {
                "transform": {
                    "rotation": [
                        "0.99822250315107952",
                        "0.058390038962107836",
                        "-0.011934720474170898",
                        "-0.058141257638727732",
                        "0.99810345908803",
                        "0.020225704355998023",
                        "0.01309306545390153",
                        "-0.019495853572303056",
                        "0.99972420363343573"
                    ],
                    "center": [
                        "0.890707961740137",
                        "0.58050909812681428",
                        "1.5647079834399116"
                    ]
                },
                "locked": "0"
            }
        },
        {
            "poseId": "767806090",
            "pose": {
                "transform": {
                    "rotation": [
                        "0.99372825791611796",
                        "0.10928417986073941",
                        "-0.023687917830890481",
                        "-0.11105854193193845",
                        "0.98925645332710899",
                        "-0.095066659847821228",
                        "0.0130441436265217",
                        "0.097101171892181815",
                        "0.9951890336685868"
                    ],
                    "center": [
                        "0.96428963669596202",
                        "0.14887113873312366",
                        "1.2165457869372107"
                    ]
                },
                "locked": "0"
            }
        },
        {
            "poseId": "770735909",
            "pose": {
                "transform": {
                    "rotation": [
                        "0.94635217460301613",
                        "0.32249104203313328",
                        "-0.020422767504090875",
                        "-0.32296821900455452",
                        "0.94600956239189626",
                        "-0.027521580189350355",
                        "0.010444670275714409",
                        "0.032641012108643327",
                        "0.99941256405518286"
                    ],
                    "center": [
                        "1.2219126999800949",
                        "0.736944129496795",
                        "1.5381493683735625"
                    ]
                },
                "locked": "0"
            }
        },
        {
            "poseId": "849985544",
            "pose": {
                "transform": {
                    "rotation": [
                        "0.97727080979670911",
                        "0.21079900117768027",
                        "-0.022484337254560172",
                        "-0.21195563171397494",
                        "0.97361625371915606",
                        "-0.084535203782836313",
                        "0.0040711796833693657",
                        "0.08737946896364264",
                        "0.99616678016264804"
                    ],
                    "center": [
                        "1.1599388453478858",
                        "0.58744124739544823",
                        "1.537781057761658"
                    ]
                },
                "locked": "0"
            }
        },
        {
            "poseId": "856002750",
            "pose": {
                "transform": {
                    "rotation": [
                        "0.9918723570779614",
                        "0.12486170660445287",
                        "-0.024470012023545595",
                        "-0.12674889403811948",
                        "0.98645107806749521",
                        "-0.10415847752146781",
                        "0.011133064480299102",
                        "0.10641346156995404",
                        "0.99425963916472915"
                    ],
                    "center": [
                        "0.15942755380469387",
                        "0.52586275130503479",
                        "1.0509240818096734"
                    ]
                },
                "locked": "0"
            }
        },
        {
            "poseId": "994467716",
            "pose": {
                "transform": {
                    "rotation": [
                        "0.99343491886269697",
                        "0.11247619833093955",
                        "-0.020884606610750898",
                        "-0.11395524810792662",
                        "0.98901250833961585",
                        "-0.094172500107208068",
                        "0.010062972370406084",
                        "0.095934160531066126",
                        "0.99533681406359731"
                    ],
                    "center": [
                        "0.76179041530980329",
                        "0.57563798664445986",
                        "1.641310417525363"
                    ]
                },
                "locked": "0"
            }
        },
        {
            "poseId": "1025963912",
            "pose": {
                "transform": {
                    "rotation": [
                        "0.9940484954604013",
                        "0.10643880497017008",
                        "-0.023202790121763149",
                        "-0.10812998369110019",
                        "0.98993211524855362",
                        "-0.091336267859414857",
                        "0.013247463903513725",
                        "0.093301596964073821",
                        "0.99554975601628204"
                    ],
                    "center": [
                        "0.61461403320212693",
                        "0.19244187326822648",
                        "1.200979609427244"
                    ]
                },
                "locked": "0"
            }
        },
        {
            "poseId": "1175452875",
            "pose": {
                "transform": {
                    "rotation": [
                        "0.97777721579275811",
                        "0.20825241299964961",
                        "-0.024138118327357589",
                        "-0.2096289757720505",
                        "0.9726876070620375",
                        "-0.099672020069267939",
                        "0.0027219098668432272",
                        "0.10251707929779726",
                        "0.99472752030841383"
                    ],
                    "center": [
                        "1.7243182887132227",
                        "0.31381776196555289",
                        "1.2625615983174248"
                    ]
                },
                "locked": "0"
            }
        },
        {
            "poseId": "1229645768",
            "pose": {
                "transform": {
                    "rotation": [
                        "0.9931831653541856",
                        "0.11414356815716598",
                        "-0.023631460077419984",
                        "-0.11589048422404713",
                        "0.98870253344392955",
                        "-0.095061538110169069",
                        "0.012513821293121074",
                        "0.097152180674988708",
                        "0.99519086514433908"
                    ],
                    "center": [
                        "0.73769461432811723",
                        "-0.35413168510765614",
                        "1.3745525321182113"
                    ]
                },
                "locked": "0"
            }
        },
        {
            "poseId": "1444113994",
            "pose": {
                "transform": {
                    "rotation": [
                        "0.99486872069267729",
                        "0.098434564889128065",
                        "-0.023385145336380767",
                        "-0.10019744622063174",
                        "0.99062453738569423",
                        "-0.092862789642799939",
                        "0.014024990487669727",
                        "0.094729416574089245",
                        "0.99540425821741052"
                    ],
                    "center": [
                        "0.44750991218975089",
                        "0.21559450406620695",
                        "1.1959522585537652"
                    ]
                },
                "locked": "0"
            }
        },
        {
            "poseId": "1451414015",
            "pose": {
                "transform": {
                    "rotation": [
                        "0.99191340851696974",
                        "0.12445925919618003",
                        "-0.024853225235069186",
                        "-0.12639770964133543",
                        "0.9864204869966291",
                        "-0.10487250273907701",
                        "0.011463376538858976",
                        "0.10716583239853612",
                        "0.99417507279385009"
                    ],
                    "center": [
                        "0.081346156199454261",
                        "0.16817410239339317",
                        "0.93490399252091572"
                    ]
                },
                "locked": "0"
            }
        },
        {
            "poseId": "1501974070",
            "pose": {
                "transform": {
                    "rotation": [
                        "0.99993688656440272",
                        "0.0072235172432863325",
                        "-0.008604864120073762",
                        "-0.0072656585148638195",
                        "0.99996171558207336",
                        "-0.0048762256410205219",
                        "0.0085693111878595383",
                        "0.004938437889930797",
                        "0.99995108817230305"
                    ],
                    "center": [
                        "-0.0070369111386951498",
                        "-0.11791494490107665",
                        "0.81214556822395967"
                    ]
                },
                "locked": "0"
            }
        },
        {
            "poseId": "1724731674",
            "pose": {
                "transform": {
                    "rotation": [
                        "0.99380539907055632",
                        "0.10863125625231299",
                        "-0.023453761814615334",
                        "-0.11036076502444639",
                        "0.98951720649967834",
                        "-0.093146119534266839",
                        "0.013089320892671504",
                        "0.095157491592187879",
                        "0.99537617083816676"
                    ],
                    "center": [
                        "0.7801093594639058",
                        "0.1713421229637741",
                        "1.207911710147042"
                    ]
                },
                "locked": "0"
            }
        },
        {
            "poseId": "1744985996",
            "pose": {
                "transform": {
                    "rotation": [
                        "0.9947339928973904",
                        "0.10002294379615982",
                        "-0.022353838345229058",
                        "-0.10157096564273492",
                        "0.99122608947957491",
                        "-0.084582376849034316",
                        "0.013697529442083353",
                        "0.086407466398338226",
                        "0.99616571283988853"
                    ],
                    "center": [
                        "0.18440456552660589",
                        "0.82707551589380823",
                        "1.1137568129121467"
                    ]
                },
                "locked": "0"
            }
        },
        {
            "poseId": "1821945435",
            "pose": {
                "transform": {
                    "rotation": [
                        "0.99441276304397497",
                        "0.10314733540203185",
                        "-0.022447358301324799",
                        "-0.10497494493232791",
                        "0.98865751132564517",
                        "-0.10740850169254058",
                        "0.011113848644912674",
                        "0.10916479514405054",
                        "0.9939615333952595"
                    ],
                    "center": [
                        "0.76034265476810203",
                        "0.5750859289052811",
                        "1.6413536550348558"
                    ]
                },
                "locked": "0"
            }
        },
        {
            "poseId": "1988124980",
            "pose": {
                "transform": {
                    "rotation": [
                        "0.99336091868946119",
                        "0.11244573251066721",
                        "-0.024290789624244167",
                        "-0.11433042264372024",
                        "0.98838696929804781",
                        "-0.10009871817325253",
                        "0.012753026250192988",
                        "0.10221133088830911",
                        "0.99468095596502826"
                    ],
                    "center": [
                        "0.19212941596441313",
                        "0.78756197706669095",
                        "1.2033113362114767"
                    ]
                },
                "locked": "0"
            }
        },
        {
            "poseId": "2013802531",
            "pose": {
                "transform": {
                    "rotation": [
                        "0.99318775396922454",
                        "0.11410489505180825",
                        "-0.02362537387604504",
                        "-0.11585160753576225",
                        "0.98870545722483472",
                        "-0.095078514319535609",
                        "0.012509612182110283",
                        "0.097167853629923542",
                        "0.99518938791770029"
                    ],
                    "center": [
                        "0.96825281740355706",
                        "-0.36260227603341921",
                        "1.5546748082598927"
                    ]
                },
                "locked": "0"
            }
        },
        {
            "poseId": "2039482247",
            "pose": {
                "transform": {
                    "rotation": [
                        "0.99867241517754168",
                        "0.045474404480482546",
                        "-0.024196811785880418",
                        "-0.047649929487873298",
                        "0.99398588849616465",
                        "-0.098597858446777487",
                        "0.019567610565844665",
                        "0.099619937801805197",
                        "0.99483314008385737"
                    ],
                    "center": [
                        "0.23386193765714083",
                        "0.25044141624110933",
                        "1.1901667475469997"
                    ]
                },
                "locked": "0"
            }
        },
        {
            "poseId": "2127817599",
            "pose": {
                "transform": {
                    "rotation": [
                        "0.99370205272819312",
                        "0.10954310773319541",
                        "-0.023591056608994115",
                        "-0.11129143598955855",
                        "0.9893434054104161",
                        "-0.093882066691690053",
                        "0.013055522936949292",
                        "0.095916284952423464",
                        "0.99530378257181773"
                    ],
                    "center": [
                        "1.3807847786886935",
                        "0.099426635029552984",
                        "1.2342355657144337"
                    ]
                },
                "locked": "0"
            }
        },
        {
            "poseId": "2133582236",
            "pose": {
                "transform": {
                    "rotation": [
                        "0.99399282748727313",
                        "0.1074090106785575",
                        "-0.021013408312538659",
                        "-0.10863949062383725",
                        "0.99157281166978906",
                        "-0.070574926385099018",
                        "0.013255941341493755",
                        "0.072433856602575647",
                        "0.99728512293968785"
                    ],
                    "center": [
                        "0.21745101292879246",
                        "1.0185239982609546",
                        "1.2028873346019853"
                    ]
                },
                "locked": "0"
            }
        }
    ]
}
