0 0 0
0.999990657877 -0.003529399156 0.002495495954 -0.010061930592
-0.003526497903 -0.999993102056 -0.001166041733 -0.004906172238
0.002499594167 0.001157230478 -0.999996206416 -0.011322526098
0.000000000000 0.000000000000 0.000000000000 1.000000000000
1 1 0
0.992654060968 -0.112408471023 0.044746518145 -0.104588559236
-0.120987248557 -0.922361657908 0.366893796224 -0.959680198614
0.000030502001 -0.369612374878 -0.929186037027 -0.289763610672
0.000000000000 0.000000000000 0.000000000000 1.000000000000
2 2 0
0.964828042175 -0.207343024280 0.161603586952 -0.395095132132
-0.259969394575 -0.661306098890 0.703626433170 -1.874151616764
-0.039022594962 -0.720890500599 -0.691949509161 -0.952260808106
0.000000000000 0.000000000000 0.000000000000 1.000000000000
3 3 0
0.926299141783 -0.233394036683 0.295799127065 -0.777752698028
-0.344994214042 -0.209727129283 0.914873501376 -2.141036762433
-0.151488917777 -0.949495526521 -0.274789652111 -1.904124789476
0.000000000000 0.000000000000 0.000000000000 1.000000000000
4 4 0
0.819000445001 -0.484457576560 0.307472157441 -1.030659390641
-0.372421839821 -0.041160957925 0.927150337738 -2.229804083636
-0.436509157192 -0.873845885758 -0.214133424835 -1.946844377311
0.000000000000 0.000000000000 0.000000000000 1.000000000000
5 5 0
0.973476667203 0.007916750829 0.228649302357 -0.880253754404
-0.225147780279 -0.144379347874 0.963567891196 -2.255476424365
0.040640564068 -0.989490742233 -0.138767487505 -2.057824119036
0.000000000000 0.000000000000 0.000000000000 1.000000000000
